# Blender 3.6.2
# www.blender.org
mtllib untitled.mtl
o Cube.001
v -0.280711 1.000000 -1.030603
v -0.280711 -1.000000 -1.030603
v 1.026364 1.000000 -0.270958
v 1.026364 -1.000000 -0.270958
v -1.035583 1.000000 0.268260
v -1.035583 -1.000000 0.268260
v 0.271492 1.000000 1.027905
v 0.271492 -1.000000 1.027905
vn -0.0000 1.0000 -0.0000
vn 0.8646 -0.0000 0.5025
vn -0.5025 -0.0000 0.8646
vn -0.0000 -1.0000 -0.0000
vn 0.5025 -0.0000 -0.8646
vn -0.8646 -0.0000 -0.5025
vt 0.625000 0.500000
vt 0.875000 0.500000
vt 0.875000 0.750000
vt 0.625000 0.750000
vt 0.375000 0.750000
vt 0.625000 1.000000
vt 0.375000 1.000000
vt 0.375000 0.000000
vt 0.625000 0.000000
vt 0.625000 0.250000
vt 0.375000 0.250000
vt 0.125000 0.500000
vt 0.375000 0.500000
vt 0.125000 0.750000
s 0
usemtl Material.001
f 1/1/1 5/2/1 7/3/1 3/4/1
f 4/5/2 3/4/2 7/6/2 8/7/2
f 8/8/3 7/9/3 5/10/3 6/11/3
f 6/12/4 2/13/4 4/5/4 8/14/4
f 2/13/5 1/1/5 3/4/5 4/5/5
f 6/11/6 5/10/6 1/1/6 2/13/6
o Cube.002
v 0.791749 1.084753 -1.306493
v 0.791750 -1.096357 -1.306492
v 1.352363 1.084754 0.775140
v 1.352363 -1.096357 0.775140
v 0.749253 1.084753 -1.295048
v 0.749254 -1.096357 -1.295047
v 1.309867 1.084754 0.786584
v 1.309867 -1.096357 0.786585
vn 0.9656 -0.0000 -0.2600
vn 0.2600 -0.0000 0.9656
vn -0.9656 -0.0000 0.2600
vn -0.2601 -0.0000 -0.9656
vn -0.0000 1.0000 -0.0000
vn -0.0000 -1.0000 -0.0000
vt 0.375000 0.000000
vt 0.375000 0.250000
vt 0.625000 0.250000
vt 0.625000 0.000000
vt 0.375000 0.500000
vt 0.625000 0.500000
vt 0.375000 0.750000
vt 0.625000 0.750000
vt 0.375000 1.000000
vt 0.625000 1.000000
vt 0.125000 0.500000
vt 0.125000 0.750000
vt 0.875000 0.750000
vt 0.875000 0.500000
s 0
usemtl Material.002
f 9/15/7 11/16/7 12/17/7 10/18/7
f 11/16/8 15/19/8 16/20/8 12/17/8
f 15/19/9 13/21/9 14/22/9 16/20/9
f 13/21/10 9/23/10 10/24/10 14/22/10
f 11/25/11 9/26/11 13/21/11 15/19/11
f 16/20/12 14/22/12 10/27/12 12/28/12
o Cube.003
v -1.352728 1.079891 -0.803417
v -1.352728 -1.104018 -0.803416
v -1.338355 1.079891 -0.750050
v -1.338355 -1.104018 -0.750049
v 0.729373 1.079891 -1.364157
v 0.729374 -1.104018 -1.364157
v 0.743746 1.079891 -1.310790
v 0.743746 -1.104018 -1.310789
vn -0.9656 -0.0000 0.2601
vn 0.2600 -0.0000 0.9656
vn 0.9656 -0.0000 -0.2600
vn -0.2600 -0.0000 -0.9656
vn -0.0000 1.0000 -0.0000
vn -0.0000 -1.0000 -0.0000
vt 0.375000 0.000000
vt 0.625000 0.000000
vt 0.625000 0.250000
vt 0.375000 0.250000
vt 0.625000 0.500000
vt 0.375000 0.500000
vt 0.625000 0.750000
vt 0.375000 0.750000
vt 0.625000 1.000000
vt 0.375000 1.000000
vt 0.125000 0.500000
vt 0.125000 0.750000
vt 0.875000 0.500000
vt 0.875000 0.750000
s 0
usemtl Material.003
f 17/29/13 18/30/13 20/31/13 19/32/13
f 19/32/14 20/31/14 24/33/14 23/34/14
f 23/34/15 24/33/15 22/35/15 21/36/15
f 21/36/16 22/35/16 18/37/16 17/38/16
f 19/39/17 23/34/17 21/36/17 17/40/17
f 24/33/18 20/41/18 18/42/18 22/35/18
o Cube.004
v -0.737319 -1.098253 1.398935
v -0.750597 -1.098253 1.349635
v 1.324584 -1.098253 0.843635
v 1.311307 -1.098253 0.794335
v -0.737319 1.084754 1.398935
v -0.750596 1.084754 1.349635
v 1.324584 1.084753 0.843635
v 1.311307 1.084753 0.794335
vn -0.0000 -1.0000 -0.0000
vn 0.9656 -0.0000 -0.2600
vn -0.0000 1.0000 -0.0000
vn -0.9656 -0.0000 0.2601
vn 0.2600 -0.0000 0.9656
vn -0.2600 -0.0000 -0.9656
vt 0.375000 0.000000
vt 0.625000 0.000000
vt 0.625000 0.250000
vt 0.375000 0.250000
vt 0.625000 0.500000
vt 0.375000 0.500000
vt 0.625000 0.750000
vt 0.375000 0.750000
vt 0.625000 1.000000
vt 0.375000 1.000000
vt 0.125000 0.500000
vt 0.125000 0.750000
vt 0.875000 0.500000
vt 0.875000 0.750000
s 0
usemtl Material.004
f 25/43/19 26/44/19 28/45/19 27/46/19
f 27/46/20 28/45/20 32/47/20 31/48/20
f 31/48/21 32/47/21 30/49/21 29/50/21
f 29/50/22 30/49/22 26/51/22 25/52/22
f 27/53/23 31/48/23 29/50/23 25/54/23
f 32/47/24 28/55/24 26/56/24 30/49/24
o Cube.005
v -0.806234 -1.104017 1.355490
v -0.762791 -1.104017 1.343790
v -0.806234 1.062218 1.355489
v -0.762791 1.062218 1.343790
v -1.368638 -1.104018 -0.732788
v -1.325194 -1.104018 -0.744488
v -1.368638 1.062218 -0.732788
v -1.325194 1.062218 -0.744488
vn 0.2600 -0.0000 0.9656
vn -0.0000 1.0000 -0.0000
vn -0.2600 -0.0000 -0.9656
vn -0.0000 -1.0000 -0.0000
vn -0.9656 -0.0000 0.2600
vn 0.9656 -0.0000 -0.2600
vt 0.375000 0.000000
vt 0.625000 0.000000
vt 0.625000 0.250000
vt 0.375000 0.250000
vt 0.625000 0.500000
vt 0.375000 0.500000
vt 0.625000 0.750000
vt 0.375000 0.750000
vt 0.625000 1.000000
vt 0.375000 1.000000
vt 0.125000 0.500000
vt 0.125000 0.750000
vt 0.875000 0.500000
vt 0.875000 0.750000
s 0
usemtl Material.005
f 33/57/25 34/58/25 36/59/25 35/60/25
f 35/60/26 36/59/26 40/61/26 39/62/26
f 39/62/27 40/61/27 38/63/27 37/64/27
f 37/64/28 38/63/28 34/65/28 33/66/28
f 35/67/29 39/62/29 37/64/29 33/68/29
f 40/61/30 36/69/30 34/70/30 38/63/30
